-3.000000000000000000e+00 -1.054807759106867238e+01
-2.993993993993993907e+00 -1.052429931212939884e+01
-2.987987987987987815e+00 -1.050052265905919313e+01
-2.981981981981982166e+00 -1.047674766803527469e+01
-2.975975975975976073e+00 -1.045297438651280864e+01
-2.969969969969969981e+00 -1.042920287717555716e+01
-2.963963963963963888e+00 -1.040543320378534276e+01
-2.957957957957957795e+00 -1.038166543010398968e+01
-2.951951951951952147e+00 -1.035789961989332220e+01
-2.945945945945946054e+00 -1.033413583691515747e+01
-2.939939939939939961e+00 -1.031037414493132154e+01
-2.933933933933933869e+00 -1.028661460770363867e+01
-2.927927927927927776e+00 -1.026285728899392957e+01
-2.921921921921922127e+00 -1.023910225256401851e+01
-2.915915915915916035e+00 -1.021534956217572798e+01
-2.909909909909909942e+00 -1.019159928159087869e+01
-2.903903903903903849e+00 -1.016785147457129490e+01
-2.897897897897897757e+00 -1.014410620487879910e+01
-2.891891891891892108e+00 -1.012036353627521734e+01
-2.885885885885886015e+00 -1.009662353252236677e+01
-2.879879879879879923e+00 -1.007288625882147670e+01
-2.873873873873873830e+00 -1.004915179353530519e+01
-2.867867867867867737e+00 -1.002542022208161221e+01
-2.861861861861862089e+00 -1.000169162994529870e+01
-2.855855855855855996e+00 -9.977966102611262045e+00
-2.849849849849849903e+00 -9.954243725564403178e+00
-2.843843843843843811e+00 -9.930524584289619483e+00
-2.837837837837837718e+00 -9.906808764271810119e+00
-2.831831831831832069e+00 -9.883096350995877799e+00
-2.825825825825825977e+00 -9.859387429946718129e+00
-2.819819819819819884e+00 -9.835682086609230268e+00
-2.813813813813813791e+00 -9.811980406468315152e+00
-2.807807807807807698e+00 -9.788282475008871941e+00
-2.801801801801801606e+00 -9.764588377715799794e+00
-2.795795795795795957e+00 -9.740898200073997870e+00
-2.789789789789789864e+00 -9.717212027568365329e+00
-2.783783783783783772e+00 -9.693529945689375538e+00
-2.777777777777777679e+00 -9.669852051386603975e+00
-2.771771771771771586e+00 -9.646178477158867892e+00
-2.765765765765765938e+00 -9.622509362378126596e+00
-2.759759759759759845e+00 -9.598844846416325183e+00
-2.753753753753753752e+00 -9.575185068645421183e+00
-2.747747747747747660e+00 -9.551530168437368573e+00
-2.741741741741741567e+00 -9.527880285164119556e+00
-2.735735735735735918e+00 -9.504235558197629885e+00
-2.729729729729729826e+00 -9.480596126909846433e+00
-2.723723723723723733e+00 -9.456962130672728506e+00
-2.717717717717717640e+00 -9.433333708858228306e+00
-2.711711711711711548e+00 -9.409711000838296258e+00
-2.705705705705705899e+00 -9.386094145984889892e+00
-2.699699699699699806e+00 -9.362483283669957856e+00
-2.693693693693693714e+00 -9.338878553265455906e+00
-2.687687687687687621e+00 -9.315280094143338019e+00
-2.681681681681681528e+00 -9.291688046585170113e+00
-2.675675675675675436e+00 -9.268102579840082456e+00
-2.669669669669669787e+00 -9.244523897456906170e+00
-2.663663663663663694e+00 -9.220952204970057409e+00
-2.657657657657657602e+00 -9.197387707913961208e+00
-2.651651651651651509e+00 -9.173830611823037273e+00
-2.645645645645645416e+00 -9.150281122231707087e+00
-2.639639639639639768e+00 -9.126739444674392132e+00
-2.633633633633633675e+00 -9.103205784685510338e+00
-2.627627627627627582e+00 -9.079680347799486739e+00
-2.621621621621621490e+00 -9.056163339550741043e+00
-2.615615615615615397e+00 -9.032654965473694730e+00
-2.609609609609609748e+00 -9.009155431102769285e+00
-2.603603603603603656e+00 -8.985664941972382636e+00
-2.597597597597597563e+00 -8.962183703616958041e+00
-2.591591591591591470e+00 -8.938711921570918761e+00
-2.585585585585585378e+00 -8.915249801368682725e+00
-2.579579579579579729e+00 -8.891797555821565169e+00
-2.573573573573573636e+00 -8.868355454132755611e+00
-2.567567567567567544e+00 -8.844923791839601535e+00
-2.561561561561561451e+00 -8.821502864628131491e+00
-2.555555555555555358e+00 -8.798092968184377582e+00
-2.549549549549549710e+00 -8.774694398194370137e+00
-2.543543543543543617e+00 -8.751307450344137706e+00
-2.537537537537537524e+00 -8.727932420319708839e+00
-2.531531531531531432e+00 -8.704569603807113864e+00
-2.525525525525525339e+00 -8.681219296492384885e+00
-2.519519519519519690e+00 -8.657881794061550451e+00
-2.513513513513513598e+00 -8.634557392200637338e+00
-2.507507507507507505e+00 -8.611246386595679425e+00
-2.501501501501501412e+00 -8.587949072932703487e+00
-2.495495495495495319e+00 -8.564665746897741627e+00
-2.489489489489489671e+00 -8.541396704176824173e+00
-2.483483483483483578e+00 -8.518142240498999485e+00
-2.477477477477477485e+00 -8.494902676832728261e+00
-2.471471471471471393e+00 -8.471678401829763061e+00
-2.465465465465465300e+00 -8.448469815368957470e+00
-2.459459459459459651e+00 -8.425277317329165072e+00
-2.453453453453453559e+00 -8.402101307589230572e+00
-2.447447447447447466e+00 -8.378942186028007555e+00
-2.441441441441441373e+00 -8.355800352524349606e+00
-2.435435435435435281e+00 -8.332676206957106757e+00
-2.429429429429429632e+00 -8.309570149205130818e+00
-2.423423423423423539e+00 -8.286482579147271821e+00
-2.417417417417417447e+00 -8.263413896662383351e+00
-2.411411411411411354e+00 -8.240364501629313665e+00
-2.405405405405405261e+00 -8.217334793926914571e+00
-2.399399399399399613e+00 -8.194325173434041432e+00
-2.393393393393393520e+00 -8.171336040029540726e+00
-2.387387387387387427e+00 -8.148367793592266040e+00
-2.381381381381381335e+00 -8.125420835764723293e+00
-2.375375375375375242e+00 -8.102495611694800814e+00
-2.369369369369369593e+00 -8.079592611735405328e+00
-2.363363363363363501e+00 -8.056712328343184737e+00
-2.357357357357357408e+00 -8.033855253974785171e+00
-2.351351351351351315e+00 -8.011021881086856311e+00
-2.345345345345345223e+00 -7.988212702136045174e+00
-2.339339339339339574e+00 -7.965428209579001440e+00
-2.333333333333333481e+00 -7.942668895872370349e+00
-2.327327327327327389e+00 -7.919935253472800696e+00
-2.321321321321321296e+00 -7.897227774836941272e+00
-2.315315315315315203e+00 -7.874546952421438206e+00
-2.309309309309309555e+00 -7.851893278682942956e+00
-2.303303303303303462e+00 -7.829267246078098097e+00
-2.297297297297297369e+00 -7.806669347063554198e+00
-2.291291291291291277e+00 -7.784100074095959165e+00
-2.285285285285285184e+00 -7.761559919631960902e+00
-2.279279279279279535e+00 -7.739049379104281812e+00
-2.273273273273273443e+00 -7.716568967608006702e+00
-2.267267267267267350e+00 -7.694119208214344141e+00
-2.261261261261261257e+00 -7.671700624017307568e+00
-2.255255255255255165e+00 -7.649313738110911309e+00
-2.249249249249249516e+00 -7.626959073589172355e+00
-2.243243243243242979e+00 -7.604637153546099704e+00
-2.237237237237237331e+00 -7.582348501075713898e+00
-2.231231231231231238e+00 -7.560093639272025712e+00
-2.225225225225225145e+00 -7.537873091229048583e+00
-2.219219219219219497e+00 -7.515687380040800392e+00
-2.213213213213212960e+00 -7.493537028801291022e+00
-2.207207207207207311e+00 -7.471422560604540131e+00
-2.201201201201201219e+00 -7.449344498544557602e+00
-2.195195195195195126e+00 -7.427303365715359540e+00
-2.189189189189189033e+00 -7.405299685210960270e+00
-2.183183183183182940e+00 -7.383333980071709490e+00
-2.177177177177177292e+00 -7.361406759508516195e+00
-2.171171171171171199e+00 -7.339518500575656468e+00
-2.165165165165165106e+00 -7.317669675767306536e+00
-2.159159159159159014e+00 -7.295860757577640854e+00
-2.153153153153152921e+00 -7.274092218500835649e+00
-2.147147147147147273e+00 -7.252364531031065376e+00
-2.141141141141141180e+00 -7.230678167662502709e+00
-2.135135135135135087e+00 -7.209033600889323878e+00
-2.129129129129128994e+00 -7.187431303205704225e+00
-2.123123123123122902e+00 -7.165871747105817313e+00
-2.117117117117117253e+00 -7.144355405083840260e+00
-2.111111111111111160e+00 -7.122882749633944854e+00
-2.105105105105105068e+00 -7.101454253250306436e+00
-2.099099099099098975e+00 -7.080070388427101236e+00
-2.093093093093092882e+00 -7.058731627658502816e+00
-2.087087087087087234e+00 -7.037438443438688296e+00
-2.081081081081081141e+00 -7.016191308479561073e+00
-2.075075075075075048e+00 -6.994990699758906416e+00
-2.069069069069068956e+00 -6.973837098144866076e+00
-2.063063063063062863e+00 -6.952730984648010981e+00
-2.057057057057057214e+00 -6.931672840278912950e+00
-2.051051051051051122e+00 -6.910663146048138472e+00
-2.045045045045045029e+00 -6.889702382966260252e+00
-2.039039039039038936e+00 -6.868791032043845668e+00
-2.033033033033032844e+00 -6.847929574291466537e+00
-2.027027027027027195e+00 -6.827118490719693789e+00
-2.021021021021021102e+00 -6.806358262339095688e+00
-2.015015015015015010e+00 -6.785649370160242277e+00
-2.009009009009008917e+00 -6.764992295193704486e+00
-2.003003003003002824e+00 -6.744387518450051466e+00
-1.996996996996996954e+00 -6.723835520939855037e+00
-1.990990990990991083e+00 -6.703336783673683463e+00
-1.984984984984984990e+00 -6.682891787662106786e+00
-1.978978978978978898e+00 -6.662501053692450270e+00
-1.972972972972973027e+00 -6.642165327586669221e+00
-1.966966966966966934e+00 -6.621885434217955613e+00
-1.960960960960961064e+00 -6.601662198545986904e+00
-1.954954954954954971e+00 -6.581496445530436112e+00
-1.948948948948948878e+00 -6.561389000130979809e+00
-1.942942942942943008e+00 -6.541340687307294566e+00
-1.936936936936936915e+00 -6.521352332019054288e+00
-1.930930930930931044e+00 -6.501424759225934658e+00
-1.924924924924924952e+00 -6.481558793887611358e+00
-1.918918918918918859e+00 -6.461755260963759184e+00
-1.912912912912912988e+00 -6.442014985414054706e+00
-1.906906906906906896e+00 -6.422338792198171831e+00
-1.900900900900900803e+00 -6.402727506275787128e+00
-1.894894894894894932e+00 -6.383181952606575393e+00
-1.888888888888888840e+00 -6.363702956150212309e+00
-1.882882882882882969e+00 -6.344291342700394409e+00
-1.876876876876876876e+00 -6.324948055380041900e+00
-1.870870870870870784e+00 -6.305674274591900996e+00
-1.864864864864864913e+00 -6.286471209361392809e+00
-1.858858858858858820e+00 -6.267340068713934897e+00
-1.852852852852852950e+00 -6.248282061674947485e+00
-1.846846846846846857e+00 -6.229298397269848131e+00
-1.840840840840840764e+00 -6.210390284524057058e+00
-1.834834834834834894e+00 -6.191558932462992715e+00
-1.828828828828828801e+00 -6.172805550112074435e+00
-1.822822822822822930e+00 -6.154131346496721555e+00
-1.816816816816816837e+00 -6.135537530642352522e+00
-1.810810810810810745e+00 -6.117025311574386670e+00
-1.804804804804804874e+00 -6.098595898318243336e+00
-1.798798798798798781e+00 -6.080250499899340966e+00
-1.792792792792792911e+00 -6.061990325343098895e+00
-1.786786786786786818e+00 -6.043816583674936460e+00
-1.780780780780780725e+00 -6.025730488351983993e+00
-1.774774774774774855e+00 -6.007733323159917482e+00
-1.768768768768768762e+00 -5.989826428154438887e+00
-1.762762762762762669e+00 -5.972011144967348528e+00
-1.756756756756756799e+00 -5.954288815230447618e+00
-1.750750750750750706e+00 -5.936660780575536478e+00
-1.744744744744744835e+00 -5.919128382634416319e+00
-1.738738738738738743e+00 -5.901692963038884798e+00
-1.732732732732732650e+00 -5.884355863420745791e+00
-1.726726726726726779e+00 -5.867118425411797844e+00
-1.720720720720720687e+00 -5.849981990643842167e+00
-1.714714714714714816e+00 -5.832947900748679082e+00
-1.708708708708708723e+00 -5.816017497358108912e+00
-1.702702702702702631e+00 -5.799192122103931979e+00
-1.696696696696696760e+00 -5.782473116617949493e+00
-1.690690690690690667e+00 -5.765861822531961778e+00
-1.684684684684684797e+00 -5.749359581477769154e+00
-1.678678678678678704e+00 -5.732967669223540952e+00
-1.672672672672672611e+00 -5.716687041506563816e+00
-1.666666666666666741e+00 -5.700518557000477493e+00
-1.660660660660660648e+00 -5.684463074357127610e+00
-1.654654654654654777e+00 -5.668521452228362456e+00
-1.648648648648648685e+00 -5.652694549266027657e+00
-1.642642642642642592e+00 -5.636983224121972391e+00
-1.636636636636636721e+00 -5.621388335448043172e+00
-1.630630630630630629e+00 -5.605910741896085625e+00
-1.624624624624624536e+00 -5.590551302117949817e+00
-1.618618618618618665e+00 -5.575310874765481373e+00
-1.612612612612612573e+00 -5.560190318490526806e+00
-1.606606606606606702e+00 -5.545190491944935296e+00
-1.600600600600600609e+00 -5.530312253780552467e+00
-1.594594594594594517e+00 -5.515556462649225722e+00
-1.588588588588588646e+00 -5.500923977202803350e+00
-1.582582582582582553e+00 -5.486415645257148199e+00
-1.576576576576576683e+00 -5.472031370014453167e+00
-1.570570570570570590e+00 -5.457769390126512299e+00
-1.564564564564564497e+00 -5.443627774769709049e+00
-1.558558558558558627e+00 -5.429604593120429534e+00
-1.552552552552552534e+00 -5.415697914355056319e+00
-1.546546546546546663e+00 -5.401905807649976410e+00
-1.540540540540540571e+00 -5.388226342181571482e+00
-1.534534534534534478e+00 -5.374657587126227654e+00
-1.528528528528528607e+00 -5.361197611660329265e+00
-1.522522522522522515e+00 -5.347844484960259770e+00
-1.516516516516516422e+00 -5.334596276202405285e+00
-1.510510510510510551e+00 -5.321451054563148375e+00
-1.504504504504504458e+00 -5.308406889218875158e+00
-1.498498498498498588e+00 -5.295461849345969085e+00
-1.492492492492492495e+00 -5.282614004120814499e+00
-1.486486486486486402e+00 -5.269861422719796629e+00
-1.480480480480480532e+00 -5.257201899253106880e+00
-1.474474474474474439e+00 -5.244630100808755913e+00
-1.468468468468468568e+00 -5.232138710076758237e+00
-1.462462462462462476e+00 -5.219720378126854854e+00
-1.456456456456456383e+00 -5.207367756028789429e+00
-1.450450450450450512e+00 -5.195073494852305629e+00
-1.444444444444444420e+00 -5.182830245667146229e+00
-1.438438438438438549e+00 -5.170630659543054009e+00
-1.432432432432432456e+00 -5.158467387549771743e+00
-1.426426426426426364e+00 -5.146333080757043099e+00
-1.420420420420420493e+00 -5.134220390234610853e+00
-1.414414414414414400e+00 -5.122121967052216895e+00
-1.408408408408408530e+00 -5.110030462279606667e+00
-1.402402402402402437e+00 -5.097938526986521168e+00
-1.396396396396396344e+00 -5.085838812242704066e+00
-1.390390390390390474e+00 -5.073723969117899024e+00
-1.384384384384384381e+00 -5.061586569226555810e+00
-1.378378378378378288e+00 -5.049418858034589341e+00
-1.372372372372372418e+00 -5.037212997334683529e+00
-1.366366366366366325e+00 -5.024961148919466325e+00
-1.360360360360360454e+00 -5.012655474581571013e+00
-1.354354354354354362e+00 -5.000288136113623771e+00
-1.348348348348348269e+00 -4.987851295308257882e+00
-1.342342342342342398e+00 -4.975337113958102186e+00
-1.336336336336336306e+00 -4.962737753855786416e+00
-1.330330330330330435e+00 -4.950045376793941188e+00
-1.324324324324324342e+00 -4.937252144565197121e+00
-1.318318318318318250e+00 -4.924351502845005335e+00
-1.312312312312312379e+00 -4.911342719192534290e+00
-1.306306306306306286e+00 -4.898226710555874774e+00
-1.300300300300300416e+00 -4.885004393989468952e+00
-1.294294294294294323e+00 -4.871676686547762536e+00
-1.288288288288288230e+00 -4.858244505285198578e+00
-1.282282282282282360e+00 -4.844708767256221016e+00
-1.276276276276276267e+00 -4.831071468042098083e+00
-1.270270270270270174e+00 -4.817340464350145623e+00
-1.264264264264264304e+00 -4.803525594372613838e+00
-1.258258258258258211e+00 -4.789636697858958847e+00
-1.252252252252252340e+00 -4.775683614558635881e+00
-1.246246246246246248e+00 -4.761676415179028510e+00
-1.240240240240240155e+00 -4.747629270314623895e+00
-1.234234234234234284e+00 -4.733559872357381515e+00
-1.228228228228228192e+00 -4.719486028201376193e+00
-1.222222222222222321e+00 -4.705425545702008883e+00
-1.216216216216216228e+00 -4.691397383204550131e+00
-1.210210210210210136e+00 -4.677423879264057227e+00
-1.204204204204204265e+00 -4.663527990071574258e+00
-1.198198198198198172e+00 -4.649732674126613396e+00
-1.192192192192192302e+00 -4.636061496311270957e+00
-1.186186186186186209e+00 -4.622539436966511595e+00
-1.180180180180180116e+00 -4.609191678037257489e+00
-1.174174174174174246e+00 -4.596043354320952012e+00
-1.168168168168168153e+00 -4.583118947261595189e+00
-1.162162162162162282e+00 -4.570442460738131096e+00
-1.156156156156156189e+00 -4.558037866582029807e+00
-1.150150150150150097e+00 -4.545927598342405673e+00
-1.144144144144144226e+00 -4.534131535713628480e+00
-1.138138138138138133e+00 -4.522669309510535030e+00
-1.132132132132132041e+00 -4.511558391122258094e+00
-1.126126126126126170e+00 -4.500811197682387466e+00
-1.120120120120120077e+00 -4.490439409407065874e+00
-1.114114114114114207e+00 -4.480451622055182881e+00
-1.108108108108108114e+00 -4.470849581315158083e+00
-1.102102102102102021e+00 -4.461634025049326269e+00
-1.096096096096096151e+00 -4.452800519116083322e+00
-1.090090090090090058e+00 -4.444336601329860414e+00
-1.084084084084084187e+00 -4.436228675850037106e+00
-1.078078078078078095e+00 -4.428455156207723675e+00
-1.072072072072072002e+00 -4.420987511778342594e+00
-1.066066066066066131e+00 -4.413795357635428296e+00
-1.060060060060060039e+00 -4.406837983751832333e+00
-1.054054054054054168e+00 -4.400070615479655167e+00
-1.048048048048048075e+00 -4.393444586987813594e+00
-1.042042042042041983e+00 -4.386902583481895768e+00
-1.036036036036036112e+00 -4.380385810355689635e+00
-1.030030030030030019e+00 -4.373830859571357088e+00
-1.024024024024024149e+00 -4.367170794740045991e+00
-1.018018018018018056e+00 -4.360339129286312954e+00
-1.012012012012011963e+00 -4.353271262069418057e+00
-1.006006006006006093e+00 -4.345903201252636627e+00
-1.000000000000000000e+00 -4.338175077789895973e+00
-9.939939939939939073e-01 -4.330030925231906025e+00
-9.879879879879878146e-01 -4.321420634199329314e+00
-9.819819819819821660e-01 -4.312315258307664934e+00
-9.759759759759760733e-01 -4.302691615806407910e+00
-9.699699699699699806e-01 -4.292542130719822602e+00
-9.639639639639638879e-01 -4.281872847904267587e+00
-9.579579579579577953e-01 -4.270699482718230300e+00
-9.519519519519521467e-01 -4.259065227641759321e+00
-9.459459459459460540e-01 -4.247020113661739593e+00
-9.399399399399399613e-01 -4.234634802343100191e+00
-9.339339339339338686e-01 -4.221993520224490481e+00
-9.279279279279277759e-01 -4.209188544787016539e+00
-9.219219219219221273e-01 -4.196327908454242639e+00
-9.159159159159160346e-01 -4.183522256095604241e+00
-9.099099099099099419e-01 -4.170887181149997680e+00
-9.039039039039038492e-01 -4.158540195911087700e+00
-8.978978978978977565e-01 -4.146593108481984480e+00
-8.918918918918921079e-01 -4.135150636866621987e+00
-8.858858858858860152e-01 -4.124310837845961863e+00
-8.798798798798799226e-01 -4.114148258711857409e+00
-8.738738738738738299e-01 -4.104729710357377215e+00
-8.678678678678677372e-01 -4.096092474813825213e+00
-8.618618618618620886e-01 -4.088252453567063682e+00
-8.558558558558559959e-01 -4.081204712152546321e+00
-8.498498498498499032e-01 -4.074903321997909167e+00
-8.438438438438438105e-01 -4.069290556365706024e+00
-8.378378378378377178e-01 -4.064265467549425637e+00
-8.318318318318320692e-01 -4.059709410003148555e+00
-8.258258258258259765e-01 -4.055478010977974002e+00
-8.198198198198198838e-01 -4.051398990927748578e+00
-8.138138138138137911e-01 -4.047295341736426799e+00
-8.078078078078076985e-01 -4.042979780588721539e+00
-8.018018018018016058e-01 -4.038265378304193298e+00
-7.957957957957959572e-01 -4.032988727666885431e+00
-7.897897897897898645e-01 -4.027000620485893911e+00
-7.837837837837837718e-01 -4.020187520213127641e+00
-7.777777777777776791e-01 -4.012491859410464379e+00
-7.717717717717715864e-01 -4.003880619108219463e+00
-7.657657657657659378e-01 -3.994412550706264220e+00
-7.597597597597598451e-01 -3.984176136839721050e+00
-7.537537537537537524e-01 -3.973309458503247793e+00
-7.477477477477476597e-01 -3.961992071637687740e+00
-7.417417417417415670e-01 -3.950424600539603759e+00
-7.357357357357359184e-01 -3.938853031846591524e+00
-7.297297297297298257e-01 -3.927528627207890199e+00
-7.237237237237237331e-01 -3.916695173725310841e+00
-7.177177177177176404e-01 -3.906591271345436045e+00
-7.117117117117115477e-01 -3.897392829667714498e+00
-7.057057057057058991e-01 -3.889201169086016652e+00
-6.996996996996998064e-01 -3.882077707293058122e+00
-6.936936936936937137e-01 -3.875963169028774136e+00
-6.876876876876876210e-01 -3.870764835642775292e+00
-6.816816816816815283e-01 -3.866301786671216156e+00
-6.756756756756758797e-01 -3.862337448146375252e+00
-6.696696696696697870e-01 -3.858619251633092606e+00
-6.636636636636636943e-01 -3.854868817138972226e+00
-6.576576576576576016e-01 -3.850812111748242561e+00
-6.516516516516515090e-01 -3.846210152907257651e+00
-6.456456456456458604e-01 -3.840839650495094126e+00
-6.396396396396397677e-01 -3.834564306619847596e+00
-6.336336336336336750e-01 -3.827326294157321840e+00
-6.276276276276275823e-01 -3.819137703240451209e+00
-6.216216216216214896e-01 -3.810177628028105001e+00
-6.156156156156158410e-01 -3.800661784915180696e+00
-6.096096096096097483e-01 -3.790892693235754063e+00
-6.036036036036036556e-01 -3.781212754464726711e+00
-5.975975975975975629e-01 -3.771925743382099849e+00
-5.915915915915914702e-01 -3.763285233945407704e+00
-5.855855855855858216e-01 -3.755503808054123205e+00
-5.795795795795797289e-01 -3.748652659427661238e+00
-5.735735735735736363e-01 -3.742758390282452829e+00
-5.675675675675675436e-01 -3.737700385410987369e+00
-5.615615615615614509e-01 -3.733255304851473610e+00
-5.555555555555553582e-01 -3.729150114999281396e+00
-5.495495495495497096e-01 -3.725020324410189154e+00
-5.435435435435436169e-01 -3.720512464105760309e+00
-5.375375375375375242e-01 -3.715401214898425231e+00
-5.315315315315314315e-01 -3.709514413083832896e+00
-5.255255255255253388e-01 -3.702825962708915508e+00
-5.195195195195196902e-01 -3.695465455937941179e+00
-5.135135135135135975e-01 -3.687606187374872668e+00
-5.075075075075075048e-01 -3.679535565775573058e+00
-5.015015015015014122e-01 -3.671560472321751867e+00
-4.954954954954953750e-01 -3.663954092424240638e+00
-4.894894894894896709e-01 -3.656967312364744149e+00
-4.834834834834836337e-01 -3.650733252373409510e+00
-4.774774774774774855e-01 -3.645166897663629779e+00
-4.714714714714713928e-01 -3.640142615824937256e+00
-4.654654654654653556e-01 -3.635426898184628275e+00
-4.594594594594596515e-01 -3.630744608026862608e+00
-4.534534534534535033e-01 -3.625849338690897206e+00
-4.474474474474474661e-01 -3.620530790440952718e+00
-4.414414414414413734e-01 -3.614636830776313925e+00
-4.354354354354352807e-01 -3.608262050817966138e+00
-4.294294294294296321e-01 -3.601570836222605987e+00
-4.234234234234234839e-01 -3.594766852519283962e+00
-4.174174174174175023e-01 -3.588092773515136003e+00
-4.114114114114112986e-01 -3.581756624736855077e+00
-4.054054054054052614e-01 -3.575828295498003406e+00
-3.993993993993996128e-01 -3.570339457108394843e+00
-3.933933933933935201e-01 -3.565201034332262431e+00
-3.873873873873874274e-01 -3.560204919394221346e+00
-3.813813813813813347e-01 -3.555156112095513521e+00
-3.753753753753752420e-01 -3.549940630553683807e+00
-3.693693693693695934e-01 -3.544469005196012823e+00
-3.633633633633635007e-01 -3.538733413946534068e+00
-3.573573573573574080e-01 -3.532836446622520388e+00
-3.513513513513513153e-01 -3.526890098839076337e+00
-3.453453453453452227e-01 -3.521019518495773770e+00
-3.393393393393395741e-01 -3.515356380580313189e+00
-3.333333333333334814e-01 -3.509981490968151707e+00
-3.273273273273273887e-01 -3.504818104358005559e+00
-3.213213213213212960e-01 -3.499759213532214197e+00
-3.153153153153152033e-01 -3.494704275688510275e+00
-3.093093093093095547e-01 -3.489562426218948854e+00
-3.033033033033034620e-01 -3.484249019510194945e+00
-2.972972972972973138e-01 -3.478788926080658594e+00
-2.912912912912913321e-01 -3.473308670023722566e+00
-2.852852852852852394e-01 -3.467932397197770467e+00
-2.792792792792790357e-01 -3.462696406338096722e+00
-2.732732732732733871e-01 -3.457572004454759096e+00
-2.672672672672673500e-01 -3.452528411336583503e+00
-2.612612612612612573e-01 -3.447525857380498771e+00
-2.552552552552551091e-01 -3.442517332614185133e+00
-2.492492492492490719e-01 -3.437456715360680093e+00
-2.432432432432434233e-01 -3.432340225042970872e+00
-2.372372372372373028e-01 -3.427218974505506832e+00
-2.312312312312312657e-01 -3.422147733975297701e+00
-2.252252252252251452e-01 -3.417165128983341127e+00
-2.192192192192190803e-01 -3.412250131463385294e+00
-2.132132132132133762e-01 -3.407367938662841933e+00
-2.072072072072073112e-01 -3.402484303693796175e+00
-2.012012012012012463e-01 -3.397586677249076814e+00
-1.951951951951951536e-01 -3.392690747160068021e+00
-1.891891891891890332e-01 -3.387814093554131656e+00
-1.831831831831834123e-01 -3.382973951141187818e+00
-1.771771771771772919e-01 -3.378176186601538511e+00
-1.711711711711711992e-01 -3.373412991333315070e+00
-1.651651651651651342e-01 -3.368675744921783011e+00
-1.591591591591590416e-01 -3.363955826952206962e+00
-1.531531531531533652e-01 -3.359246446663548546e+00
-1.471471471471472448e-01 -3.354548685443135003e+00
-1.411411411411411798e-01 -3.349865741407223485e+00
-1.351351351351351149e-01 -3.345200812700316106e+00
-1.291291291291289667e-01 -3.340557097466915870e+00
-1.231231231231233181e-01 -3.335937430353375976e+00
-1.171171171171172531e-01 -3.331342006622157292e+00
-1.111111111111111466e-01 -3.326769856736267350e+00
-1.051051051051050400e-01 -3.322220006042922336e+00
-9.909909909909896120e-02 -3.317691479889341544e+00
-9.309309309309331260e-02 -3.313183303622744269e+00
-8.708708708708723378e-02 -3.308694523283360667e+00
-8.108108108108116885e-02 -3.304224645390930526e+00
-7.507507507507503453e-02 -3.299773628516224466e+00
-6.906906906906898347e-02 -3.295341450237151637e+00
-6.306306306306329323e-02 -3.290928088131621632e+00
-5.705705705705724218e-02 -3.286533519777545376e+00
-5.105105105105112173e-02 -3.282157722752831130e+00
-4.504504504504504986e-02 -3.277800674635389377e+00
-3.903903903903895717e-02 -3.273462352447620738e+00
-3.303303303303282284e-02 -3.269142697634030981e+00
-2.702702702702718812e-02 -3.264841595160798526e+00
-2.102102102102108502e-02 -3.260558924976592277e+00
-1.501501501501499060e-02 -3.256294567030082909e+00
-9.009009009008934338e-03 -3.252048401269938438e+00
-3.003003003002830372e-03 -3.247820307644829541e+00
3.003003003002844250e-03 -3.243610166103425563e+00
9.009009009008925664e-03 -3.239417856594395406e+00
1.501501501501504958e-02 -3.235243259066408861e+00
2.102102102102107115e-02 -3.231086253468135716e+00
2.702702702702718465e-02 -3.226946719748305714e+00
3.303303303303283672e-02 -3.222824541016692024e+00
3.903903903903896411e-02 -3.218719612028580812e+00
4.504504504504502210e-02 -3.214631830220407771e+00
5.105105105105112867e-02 -3.210561093028606372e+00
5.705705705705722136e-02 -3.206507297889610975e+00
6.306306306306286302e-02 -3.202470342239856382e+00
6.906906906906892796e-02 -3.198450123515775623e+00
7.507507507507506228e-02 -3.194446539153803943e+00
8.108108108108116885e-02 -3.190459486590375260e+00
8.708708708708723378e-02 -3.186488863261924376e+00
9.309309309309288238e-02 -3.182534566604884763e+00
9.909909909909896120e-02 -3.178596494055691224e+00
1.051051051051050678e-01 -3.174674543050776787e+00
1.111111111111111882e-01 -3.170768611026577144e+00
1.171171171171172531e-01 -3.166878595419552855e+00
1.231231231231229156e-01 -3.163004394315116041e+00
1.291291291291290222e-01 -3.159145908129596059e+00
1.351351351351351149e-01 -3.155303037802465571e+00
1.411411411411412076e-01 -3.151475684273196798e+00
1.471471471471473003e-01 -3.147663748481263291e+00
1.531531531531529211e-01 -3.143867131366137713e+00
1.591591591591589860e-01 -3.140085733867291840e+00
1.651651651651651342e-01 -3.136319456924199667e+00
1.711711711711712269e-01 -3.132568201476332970e+00
1.771771771771772641e-01 -3.128831868463164412e+00
1.831831831831829127e-01 -3.125110358824168433e+00
1.891891891891890609e-01 -3.121403573498815032e+00
1.951951951951951536e-01 -3.117711413426578204e+00
2.012012012012012463e-01 -3.114033779546931058e+00
2.072072072072072835e-01 -3.110370572799345368e+00
2.132132132132134317e-01 -3.106721694123295574e+00
2.192192192192190803e-01 -3.103087044886854606e+00
2.252252252252251175e-01 -3.099466535911744369e+00
2.312312312312312657e-01 -3.095860087254082238e+00
2.372372372372373306e-01 -3.092267619354733821e+00
2.432432432432433955e-01 -3.088689052654561173e+00
2.492492492492490441e-01 -3.085124307594428128e+00
2.552552552552551646e-01 -3.081573304615197628e+00
2.612612612612612573e-01 -3.078035964157733950e+00
2.672672672672673500e-01 -3.074512206662900038e+00
2.732732732732734426e-01 -3.071001952571559723e+00
2.792792792792790912e-01 -3.067505122324575506e+00
2.852852852852851839e-01 -3.064021636362812107e+00
2.912912912912912766e-01 -3.060551415127131580e+00
2.972972972972973693e-01 -3.057094379058398204e+00
3.033033033033035175e-01 -3.053650448597475808e+00
3.093093093093091106e-01 -3.050219544185226894e+00
3.153153153153152033e-01 -3.046801586262515738e+00
3.213213213213212960e-01 -3.043396495676933711e+00
3.273273273273274442e-01 -3.040004195757240346e+00
3.333333333333334259e-01 -3.036624610767668653e+00
3.393393393393391300e-01 -3.033257664974166268e+00
3.453453453453452227e-01 -3.029903282642683049e+00
3.513513513513513153e-01 -3.026561388039167078e+00
3.573573573573574635e-01 -3.023231905429567323e+00
3.633633633633635007e-01 -3.019914759079833200e+00
3.693693693693690938e-01 -3.016609873255914565e+00
3.753753753753751865e-01 -3.013317172223758611e+00
3.813813813813812792e-01 -3.010036580249314753e+00
3.873873873873874274e-01 -3.006768021598531959e+00
3.933933933933935201e-01 -3.003511420537359644e+00
3.993993993993991687e-01 -3.000266701331746333e+00
4.054054054054052614e-01 -2.997033788247641439e+00
4.114114114114113541e-01 -2.993812605550993045e+00
4.174174174174174468e-01 -2.990603077533590781e+00
4.234234234234235394e-01 -2.987405133276160640e+00
4.294294294294291880e-01 -2.984218712224024461e+00
4.354354354354352807e-01 -2.981043755176589816e+00
4.414414414414413734e-01 -2.977880202933266052e+00
4.474474474474474106e-01 -2.974727996293460741e+00
4.534534534534535588e-01 -2.971587076056582788e+00
4.594594594594595960e-01 -2.968457383022040208e+00
4.654654654654652446e-01 -2.965338857989241461e+00
4.714714714714713928e-01 -2.962231441757594563e+00
4.774774774774774855e-01 -2.959135075126507974e+00
4.834834834834835782e-01 -2.956049698895390154e+00
4.894894894894896709e-01 -2.952975253863649563e+00
4.954954954954953195e-01 -2.949911680830694660e+00
5.015015015015014122e-01 -2.946858920595932574e+00
5.075075075075075048e-01 -2.943816913958772652e+00
5.135135135135135975e-01 -2.940785601718622910e+00
5.195195195195196902e-01 -2.937764924564087998e+00
5.255255255255253388e-01 -2.934754821238861666e+00
5.315315315315314315e-01 -2.931755228827602089e+00
5.375375375375375242e-01 -2.928766084361792199e+00
5.435435435435436169e-01 -2.925787324872916262e+00
5.495495495495497096e-01 -2.922818887392456322e+00
5.555555555555553582e-01 -2.919860708951898864e+00
5.615615615615614509e-01 -2.916912726582723270e+00
5.675675675675675436e-01 -2.913974877316415579e+00
5.735735735735736363e-01 -2.911047098184458282e+00
5.795795795795797289e-01 -2.908129326218334310e+00
5.855855855855853775e-01 -2.905221498449529260e+00
5.915915915915914702e-01 -2.902323551909523403e+00
5.975975975975975629e-01 -2.899435423629802333e+00
6.036036036036036556e-01 -2.896557050641848985e+00
6.096096096096097483e-01 -2.893688369977146291e+00
6.156156156156153969e-01 -2.890829318667178072e+00
6.216216216216214896e-01 -2.887979836280305079e+00
6.276276276276275823e-01 -2.885139875659072040e+00
6.336336336336336750e-01 -2.882309393973130351e+00
6.396396396396397677e-01 -2.879488348394505959e+00
6.456456456456454163e-01 -2.876676696095225250e+00
6.516516516516515090e-01 -2.873874394247314612e+00
6.576576576576576016e-01 -2.871081400022801322e+00
6.636636636636636943e-01 -2.868297670593712212e+00
6.696696696696697870e-01 -2.865523163132072781e+00
6.756756756756754356e-01 -2.862757834809911195e+00
6.816816816816815283e-01 -2.860001642799252064e+00
6.876876876876876210e-01 -2.857254544272123997e+00
6.936936936936937137e-01 -2.854516496400552494e+00
6.996996996996998064e-01 -2.851787456356563499e+00
7.057057057057054550e-01 -2.849067381312184288e+00
7.117117117117115477e-01 -2.846356228439443026e+00
7.177177177177176404e-01 -2.843653954889526325e+00
7.237237237237237331e-01 -2.840960515544326714e+00
7.297297297297298257e-01 -2.838275861007875989e+00
7.357357357357359184e-01 -2.835599941410301028e+00
7.417417417417415670e-01 -2.832932706881734042e+00
7.477477477477476597e-01 -2.830274107552302354e+00
7.537537537537537524e-01 -2.827624093552136841e+00
7.597597597597598451e-01 -2.824982615011365716e+00
7.657657657657659378e-01 -2.822349622060118524e+00
7.717717717717715864e-01 -2.819725064828525252e+00
7.777777777777776791e-01 -2.817108893446713225e+00
7.837837837837837718e-01 -2.814501058044814208e+00
7.897897897897898645e-01 -2.811901508752956413e+00
7.957957957957959572e-01 -2.809310195701269386e+00
8.018018018018016058e-01 -2.806727069019882226e+00
8.078078078078076985e-01 -2.804152078838923590e+00
8.138138138138137911e-01 -2.801585175288523910e+00
8.198198198198198838e-01 -2.799026308955042452e+00
8.258258258258259765e-01 -2.796475436965756511e+00
8.318318318318316251e-01 -2.793932521340949826e+00
8.378378378378377178e-01 -2.791397524218826476e+00
8.438438438438438105e-01 -2.788870407737589652e+00
8.498498498498499032e-01 -2.786351134035442545e+00
8.558558558558559959e-01 -2.783839665250587903e+00
8.618618618618616445e-01 -2.781335963521229804e+00
8.678678678678677372e-01 -2.778839990985570108e+00
8.738738738738738299e-01 -2.776351709781813781e+00
8.798798798798799226e-01 -2.773871082048163128e+00
8.858858858858860152e-01 -2.771398069922821339e+00
8.918918918918916638e-01 -2.768932635543992493e+00
8.978978978978977565e-01 -2.766474741049878006e+00
9.039039039039038492e-01 -2.764024348578684176e+00
9.099099099099099419e-01 -2.761581420268611087e+00
9.159159159159160346e-01 -2.759145918257863705e+00
9.219219219219216832e-01 -2.756717805115230124e+00
9.279279279279277759e-01 -2.754297045346536521e+00
9.339339339339338686e-01 -2.751883604002060668e+00
9.399399399399399613e-01 -2.749477446132114533e+00
9.459459459459460540e-01 -2.747078536787006975e+00
9.519519519519517026e-01 -2.744686841017049961e+00
9.579579579579577953e-01 -2.742302323872552794e+00
9.639639639639638879e-01 -2.739924950403825665e+00
9.699699699699699806e-01 -2.737554685661178322e+00
9.759759759759760733e-01 -2.735191494694920067e+00
9.819819819819821660e-01 -2.732835342555362868e+00
9.879879879879878146e-01 -2.730486194292816915e+00
9.939939939939939073e-01 -2.728144014957590624e+00
1.000000000000000000e+00 -2.725808769599995074e+00
1.006006006006005649e+00 -2.723480423270339568e+00
1.012012012012012185e+00 -2.721158941018936073e+00
1.018018018018017834e+00 -2.718844287919691016e+00
1.024024024024024371e+00 -2.716536430721350204e+00
1.030030030030030019e+00 -2.714235338929667396e+00
1.036036036036035668e+00 -2.711940982307426307e+00
1.042042042042042205e+00 -2.709653330617413314e+00
1.048048048048047853e+00 -2.707372353622412575e+00
1.054054054054054390e+00 -2.705098021085208693e+00
1.060060060060060039e+00 -2.702830302768589377e+00
1.066066066066065687e+00 -2.700569168435336564e+00
1.072072072072072224e+00 -2.698314587848234858e+00
1.078078078078077873e+00 -2.696066530770072855e+00
1.084084084084084409e+00 -2.693824966963630274e+00
1.090090090090090058e+00 -2.691589866191698821e+00
1.096096096096095707e+00 -2.689361198217057769e+00
1.102102102102102243e+00 -2.687138932802494384e+00
1.108108108108107892e+00 -2.684923039710794601e+00
1.114114114114114429e+00 -2.682713488704742577e+00
1.120120120120120077e+00 -2.680510249583401894e+00
1.126126126126125726e+00 -2.678313292576588456e+00
1.132132132132132263e+00 -2.676122588196341301e+00
1.138138138138137911e+00 -2.673938106959604877e+00
1.144144144144144448e+00 -2.671759819383322299e+00
1.150150150150150097e+00 -2.669587695984438458e+00
1.156156156156155745e+00 -2.667421707279893361e+00
1.162162162162162282e+00 -2.665261823786634565e+00
1.168168168168167931e+00 -2.663108016021603408e+00
1.174174174174174468e+00 -2.660960254501743005e+00
1.180180180180180116e+00 -2.658818509743997360e+00
1.186186186186185765e+00 -2.656682752265310921e+00
1.192192192192192302e+00 -2.654552952582624581e+00
1.198198198198197950e+00 -2.652429081212883677e+00
1.204204204204204487e+00 -2.650311108673031768e+00
1.210210210210210136e+00 -2.648199005480011525e+00
1.216216216216215784e+00 -2.646092742150768728e+00
1.222222222222222321e+00 -2.643992290271208745e+00
1.228228228228227970e+00 -2.641897625565826857e+00
1.234234234234234506e+00 -2.639808724760546177e+00
1.240240240240240155e+00 -2.637725564581288928e+00
1.246246246246245803e+00 -2.635648121753979112e+00
1.252252252252252340e+00 -2.633576373004539395e+00
1.258258258258257989e+00 -2.631510295058890225e+00
1.264264264264264526e+00 -2.629449864642957380e+00
1.270270270270270174e+00 -2.627395058482661305e+00
1.276276276276275823e+00 -2.625345853303925558e+00
1.282282282282282360e+00 -2.623302225832675028e+00
1.288288288288288008e+00 -2.621264152794829716e+00
1.294294294294294545e+00 -2.619231610916313180e+00
1.300300300300300194e+00 -2.617204576923047643e+00
1.306306306306305842e+00 -2.615183027540957550e+00
1.312312312312312379e+00 -2.613166939495965124e+00
1.318318318318318028e+00 -2.611156289550894627e+00
1.324324324324324564e+00 -2.609151056299965799e+00
1.330330330330330213e+00 -2.607151220975413963e+00
1.336336336336335862e+00 -2.605156765014470466e+00
1.342342342342342398e+00 -2.603167669854360877e+00
1.348348348348348047e+00 -2.601183916932320539e+00
1.354354354354354584e+00 -2.599205487685578131e+00
1.360360360360360232e+00 -2.597232363551361445e+00
1.366366366366366769e+00 -2.595264525966903602e+00
1.372372372372372418e+00 -2.593301956369433725e+00
1.378378378378378066e+00 -2.591344636196182272e+00
1.384384384384384603e+00 -2.589392546884378810e+00
1.390390390390390252e+00 -2.587445669871253351e+00
1.396396396396396788e+00 -2.585503986594036796e+00
1.402402402402402437e+00 -2.583567478489958269e+00
1.408408408408408086e+00 -2.581636126996250447e+00
1.414414414414414622e+00 -2.579709913550140676e+00
1.420420420420420271e+00 -2.577788819728610292e+00
1.426426426426426808e+00 -2.575872828497789424e+00
1.432432432432432456e+00 -2.573961923619595193e+00
1.438438438438438105e+00 -2.572056088865343426e+00
1.444444444444444642e+00 -2.570155308006350392e+00
1.450450450450450290e+00 -2.568259564813934137e+00
1.456456456456456827e+00 -2.566368843059410487e+00
1.462462462462462476e+00 -2.564483126514095712e+00
1.468468468468468124e+00 -2.562602398949309190e+00
1.474474474474474661e+00 -2.560726644136366748e+00
1.480480480480480310e+00 -2.558855845846584653e+00
1.486486486486486847e+00 -2.556989987851280066e+00
1.492492492492492495e+00 -2.555129053921769255e+00
1.498498498498498144e+00 -2.553273027829368935e+00
1.504504504504504681e+00 -2.551421893345398040e+00
1.510510510510510329e+00 -2.549575634241170174e+00
1.516516516516516866e+00 -2.547734234287996280e+00
1.522522522522522515e+00 -2.545897677203014631e+00
1.528528528528528163e+00 -2.544065946522750199e+00
1.534534534534534700e+00 -2.542239025746124259e+00
1.540540540540540349e+00 -2.540416898372058530e+00
1.546546546546546885e+00 -2.538599547899473841e+00
1.552552552552552534e+00 -2.536786957827292799e+00
1.558558558558558182e+00 -2.534979111654435791e+00
1.564564564564564719e+00 -2.533175992879823202e+00
1.570570570570570368e+00 -2.531377585002377639e+00
1.576576576576576905e+00 -2.529583871521019933e+00
1.582582582582582553e+00 -2.527794835934672246e+00
1.588588588588588202e+00 -2.526010461742254964e+00
1.594594594594594739e+00 -2.524230732442690250e+00
1.600600600600600387e+00 -2.522455631534897158e+00
1.606606606606606924e+00 -2.520685142517801403e+00
1.612612612612612573e+00 -2.518919248890320706e+00
1.618618618618618221e+00 -2.517157934319514734e+00
1.624624624624624758e+00 -2.515401188607515603e+00
1.630630630630630407e+00 -2.513649009301465398e+00
1.636636636636636943e+00 -2.511901394444121305e+00
1.642642642642642592e+00 -2.510158342078241844e+00
1.648648648648648241e+00 -2.508419850246586424e+00
1.654654654654654777e+00 -2.506685916991911345e+00
1.660660660660660426e+00 -2.504956540356974681e+00
1.666666666666666963e+00 -2.503231718384536730e+00
1.672672672672672611e+00 -2.501511449117352459e+00
1.678678678678678260e+00 -2.499795730598181720e+00
1.684684684684684797e+00 -2.498084560869782145e+00
1.690690690690690445e+00 -2.496377937974912697e+00
1.696696696696696982e+00 -2.494675859956330122e+00
1.702702702702702631e+00 -2.492978324856792938e+00
1.708708708708708279e+00 -2.491285330719057889e+00
1.714714714714714816e+00 -2.489596875585885716e+00
1.720720720720720465e+00 -2.487912957402181657e+00
1.726726726726727001e+00 -2.486233573291402266e+00
1.732732732732732650e+00 -2.484558719966517337e+00
1.738738738738738299e+00 -2.482888394137459542e+00
1.744744744744744835e+00 -2.481222592514163328e+00
1.750750750750750484e+00 -2.479561311806564028e+00
1.756756756756757021e+00 -2.477904548724591649e+00
1.762762762762762669e+00 -2.476252299978179305e+00
1.768768768768768318e+00 -2.474604562277263664e+00
1.774774774774774855e+00 -2.472961332331776063e+00
1.780780780780780503e+00 -2.471322606851648285e+00
1.786786786786787040e+00 -2.469688382546814776e+00
1.792792792792792689e+00 -2.468058656127209538e+00
1.798798798798798337e+00 -2.466433424302766575e+00
1.804804804804804874e+00 -2.464812683783419001e+00
1.810810810810810523e+00 -2.463196431279097709e+00
1.816816816816817060e+00 -2.461584663504473358e+00
1.822822822822822708e+00 -2.459977381917527239e+00
1.828828828828828357e+00 -2.458374601629698564e+00
1.834834834834834894e+00 -2.456776340194175123e+00
1.840840840840840542e+00 -2.455182615164136273e+00
1.846846846846847079e+00 -2.453593444092768028e+00
1.852852852852852727e+00 -2.452008844533251519e+00
1.858858858858858376e+00 -2.450428834038769210e+00
1.864864864864864913e+00 -2.448853430162504008e+00
1.870870870870870561e+00 -2.447282650457641928e+00
1.876876876876877098e+00 -2.445716512477361881e+00
1.882882882882882747e+00 -2.444155033774849439e+00
1.888888888888889284e+00 -2.442598231903287953e+00
1.894894894894894932e+00 -2.441046124415858554e+00
1.900900900900900581e+00 -2.439498728865743704e+00
1.906906906906907118e+00 -2.437956062806128976e+00
1.912912912912912766e+00 -2.436418143790195945e+00
1.918918918918919303e+00 -2.434884989441386427e+00
1.924924924924924952e+00 -2.433356619339739790e+00
1.930930930930930600e+00 -2.431833055232223373e+00
1.936936936936937137e+00 -2.430314318978269217e+00
1.942942942942942786e+00 -2.428800432437307144e+00
1.948948948948949322e+00 -2.427291417468768753e+00
1.954954954954954971e+00 -2.425787295932084309e+00
1.960960960960960620e+00 -2.424288089686686298e+00
1.966966966966967156e+00 -2.422793820592003211e+00
1.972972972972972805e+00 -2.421304510507470198e+00
1.978978978978979342e+00 -2.419820181292514860e+00
1.984984984984984990e+00 -2.418340854806568796e+00
1.990990990990990639e+00 -2.416866552909062271e+00
1.996996996996997176e+00 -2.415397297459427772e+00
2.003003003003002824e+00 -2.413933110317096453e+00
2.009009009009009361e+00 -2.412474013341499024e+00
2.015015015015015010e+00 -2.411020028392065750e+00
2.021021021021020658e+00 -2.409571180328018425e+00
2.027027027027027195e+00 -2.408127515420667830e+00
2.033033033033032844e+00 -2.406689089249401725e+00
2.039039039039039380e+00 -2.405255957431671199e+00
2.045045045045045029e+00 -2.403828175584921567e+00
2.051051051051050678e+00 -2.402405799326608360e+00
2.057057057057057214e+00 -2.400988884274175561e+00
2.063063063063062863e+00 -2.399577486045074703e+00
2.069069069069069400e+00 -2.398171660256753324e+00
2.075075075075075048e+00 -2.396771462526660734e+00
2.081081081081080697e+00 -2.395376948472247580e+00
2.087087087087087234e+00 -2.393988173710962286e+00
2.093093093093092882e+00 -2.392605193860254165e+00
2.099099099099099419e+00 -2.391228064537571196e+00
2.105105105105105068e+00 -2.389856841360363582e+00
2.111111111111110716e+00 -2.388491579946081078e+00
2.117117117117117253e+00 -2.387132335926622773e+00
2.123123123123122902e+00 -2.385779170306094432e+00
2.129129129129129439e+00 -2.384432157476544134e+00
2.135135135135135087e+00 -2.383091373880801278e+00
2.141141141141140736e+00 -2.381756895961690379e+00
2.147147147147147273e+00 -2.380428800162041725e+00
2.153153153153152921e+00 -2.379107162924679830e+00
2.159159159159159458e+00 -2.377792060692432319e+00
2.165165165165165106e+00 -2.376483569908129923e+00
2.171171171171170755e+00 -2.375181767014594048e+00
2.177177177177177292e+00 -2.373886728454652761e+00
2.183183183183182940e+00 -2.372598530671135908e+00
2.189189189189189477e+00 -2.371317250106866670e+00
2.195195195195195126e+00 -2.370042963204677111e+00
2.201201201201200774e+00 -2.368775746407389526e+00
2.207207207207207311e+00 -2.367515676157835092e+00
2.213213213213212960e+00 -2.366262828898835657e+00
2.219219219219219497e+00 -2.365017282367645635e+00
2.225225225225225145e+00 -2.363779142606013739e+00
2.231231231231230794e+00 -2.362548543168304427e+00
2.237237237237237331e+00 -2.361325618744885446e+00
2.243243243243242979e+00 -2.360110504026117439e+00
2.249249249249249516e+00 -2.358903333702368599e+00
2.255255255255255165e+00 -2.357704242464008892e+00
2.261261261261260813e+00 -2.356513365001401183e+00
2.267267267267267350e+00 -2.355330836004907891e+00
2.273273273273272999e+00 -2.354156790164902535e+00
2.279279279279279535e+00 -2.352991362171747092e+00
2.285285285285285184e+00 -2.351834686715807088e+00
2.291291291291290833e+00 -2.350686898487450716e+00
2.297297297297297369e+00 -2.349548132177043058e+00
2.303303303303303018e+00 -2.348418522474947423e+00
2.309309309309309555e+00 -2.347298204071535110e+00
2.315315315315315203e+00 -2.346187311657167207e+00
2.321321321321320852e+00 -2.345085983146359077e+00
2.327327327327327389e+00 -2.343994376121496082e+00
2.333333333333333037e+00 -2.342912655580224435e+00
2.339339339339339574e+00 -2.341840986533798574e+00
2.345345345345345223e+00 -2.340779533993469386e+00
2.351351351351350871e+00 -2.339728462970485534e+00
2.357357357357357408e+00 -2.338687938476103234e+00
2.363363363363363057e+00 -2.337658125521569819e+00
2.369369369369369593e+00 -2.336639189118138393e+00
2.375375375375375242e+00 -2.335631294277063397e+00
2.381381381381380891e+00 -2.334634606009593050e+00
2.387387387387387427e+00 -2.333649289326983123e+00
2.393393393393393076e+00 -2.332675509240482725e+00
2.399399399399399613e+00 -2.331713430761342742e+00
2.405405405405405261e+00 -2.330763218900816724e+00
2.411411411411411798e+00 -2.329825038670156445e+00
2.417417417417417447e+00 -2.328899055168047294e+00
2.423423423423423095e+00 -2.327985449697199449e+00
2.429429429429429632e+00 -2.327084438630353969e+00
2.435435435435435281e+00 -2.326196242921994450e+00
2.441441441441441818e+00 -2.325321083526596944e+00
2.447447447447447466e+00 -2.324459181398643715e+00
2.453453453453453115e+00 -2.323610757492617918e+00
2.459459459459459651e+00 -2.322776032762992049e+00
2.465465465465465300e+00 -2.321955228164252816e+00
2.471471471471471837e+00 -2.321148564650878043e+00
2.477477477477477485e+00 -2.320356263177349110e+00
2.483483483483483134e+00 -2.319578544698142508e+00
2.489489489489489671e+00 -2.318815630167741393e+00
2.495495495495495319e+00 -2.318067740540625365e+00
2.501501501501501856e+00 -2.317335096771274472e+00
2.507507507507507505e+00 -2.316617919814166093e+00
2.513513513513513153e+00 -2.315916430623784272e+00
2.519519519519519690e+00 -2.315230849204110708e+00
2.525525525525525339e+00 -2.314561378875351849e+00
2.531531531531531876e+00 -2.313908208726213278e+00
2.537537537537537524e+00 -2.313271527389267668e+00
2.543543543543543173e+00 -2.312651523497074812e+00
2.549549549549549710e+00 -2.312048385682204721e+00
2.555555555555555358e+00 -2.311462302577219852e+00
2.561561561561561895e+00 -2.310893462814687549e+00
2.567567567567567544e+00 -2.310342055027172936e+00
2.573573573573573192e+00 -2.309808267847242913e+00
2.579579579579579729e+00 -2.309292289907463047e+00
2.585585585585585378e+00 -2.308794309840401571e+00
2.591591591591591914e+00 -2.308314516278617834e+00
2.597597597597597563e+00 -2.307853097854680513e+00
2.603603603603603212e+00 -2.307410243201160949e+00
2.609609609609609748e+00 -2.306986140950615827e+00
2.615615615615615397e+00 -2.306580979735618264e+00
2.621621621621621934e+00 -2.306194918897603419e+00
2.627627627627627582e+00 -2.305827964512505268e+00
2.633633633633633231e+00 -2.305480072694921834e+00
2.639639639639639768e+00 -2.305151199532020634e+00
2.645645645645645416e+00 -2.304841301110958529e+00
2.651651651651651953e+00 -2.304550333518900374e+00
2.657657657657657602e+00 -2.304278252843009689e+00
2.663663663663663250e+00 -2.304025015170449109e+00
2.669669669669669787e+00 -2.303790576588376826e+00
2.675675675675675436e+00 -2.303574893183960803e+00
2.681681681681681972e+00 -2.303377921044359677e+00
2.687687687687687621e+00 -2.303199616256738302e+00
2.693693693693693270e+00 -2.303039934908257980e+00
2.699699699699699806e+00 -2.302898833086081787e+00
2.705705705705705455e+00 -2.302776266877374134e+00
2.711711711711711992e+00 -2.302672192369290993e+00
2.717717717717717640e+00 -2.302586564670285885e+00
2.723723723723723289e+00 -2.302519232302616459e+00
2.729729729729729826e+00 -2.302469842862535199e+00
2.735735735735735474e+00 -2.302438021687696512e+00
2.741741741741742011e+00 -2.302423394115764133e+00
2.747747747747747660e+00 -2.302425585484393356e+00
2.753753753753753308e+00 -2.302444221131249247e+00
2.759759759759759845e+00 -2.302478926393986214e+00
2.765765765765765494e+00 -2.302529326610263549e+00
2.771771771771772030e+00 -2.302595047117745430e+00
2.777777777777777679e+00 -2.302675713254089818e+00
2.783783783783783328e+00 -2.302770950356952895e+00
2.789789789789789864e+00 -2.302880383763996619e+00
2.795795795795795513e+00 -2.303003638812881171e+00
2.801801801801802050e+00 -2.303140340841262734e+00
2.807807807807807698e+00 -2.303290115186806375e+00
2.813813813813813347e+00 -2.303452587187166500e+00
2.819819819819819884e+00 -2.303627328553850440e+00
2.825825825825825532e+00 -2.303813142166584171e+00
2.831831831831832069e+00 -2.304008255771750058e+00
2.837837837837837718e+00 -2.304210883255363829e+00
2.843843843843843366e+00 -2.304419238503445211e+00
2.849849849849849903e+00 -2.304631535402016596e+00
2.855855855855855552e+00 -2.304845987837095933e+00
2.861861861861862089e+00 -2.305060809694701618e+00
2.867867867867867737e+00 -2.305274214860848492e+00
2.873873873873873386e+00 -2.305484417221563831e+00
2.879879879879879923e+00 -2.305689630662860257e+00
2.885885885885885571e+00 -2.305888069070762825e+00
2.891891891891892108e+00 -2.306077946331287265e+00
2.897897897897897757e+00 -2.306257476330449308e+00
2.903903903903904293e+00 -2.306424872954274452e+00
2.909909909909909942e+00 -2.306578350088779761e+00
2.915915915915915591e+00 -2.306716121619985849e+00
2.921921921921922127e+00 -2.306836821485869660e+00
2.927927927927927776e+00 -2.306940973270903417e+00
2.933933933933934313e+00 -2.307029631697177674e+00
2.939939939939939961e+00 -2.307103851515138970e+00
2.945945945945945610e+00 -2.307164687475236509e+00
2.951951951951952147e+00 -2.307213194327914607e+00
2.957957957957957795e+00 -2.307250426823619804e+00
2.963963963963964332e+00 -2.307277439712803968e+00
2.969969969969969981e+00 -2.307295287745906531e+00
2.975975975975975629e+00 -2.307305025673375809e+00
2.981981981981982166e+00 -2.307307708245659672e+00
2.987987987987987815e+00 -2.307304390213203771e+00
2.993993993993994351e+00 -2.307296126326456420e+00
3.000000000000000000e+00 -2.307283971335861494e+00
