1.995262314968879874e-02
2.238721138568339902e-02
2.511886431509579437e-02
2.818382931264453578e-02
3.162277660168379134e-02
3.548133892335755130e-02
3.981071705534973415e-02
4.466835921509629964e-02
5.011872336272724798e-02
5.623413251903491145e-02
6.309573444801933051e-02
7.079457843841380216e-02
7.943282347242813790e-02
8.912509381337459236e-02
1.000000000000000056e-01
1.122018454301963591e-01
1.258925411794167559e-01
1.412537544622754770e-01
1.584893192461114264e-01
1.778279410038922925e-01
1.995262314968879735e-01
2.238721138568340041e-01
2.511886431509580686e-01
2.818382931264454827e-01
3.162277660168379412e-01
3.548133892335754713e-01
3.981071705534973137e-01
4.466835921509632601e-01
5.011872336272724660e-01
5.623413251903490728e-01
6.309573444801933606e-01
7.079457843841380216e-01
7.943282347242817121e-01
8.912509381337458958e-01
1.000000000000000000e+00
1.122018454301964230e+00
1.258925411794167504e+00
1.412537544622753938e+00
1.584893192461114042e+00
1.778279410038922759e+00
1.995262314968880846e+00
2.238721138568339875e+00
2.511886431509582351e+00
2.818382931264455049e+00
3.162277660168379523e+00
3.548133892335756823e+00
3.981071705534973137e+00
4.466835921509634488e+00
5.011872336272724660e+00
5.623413251903491172e+00
6.309573444801936049e+00
7.079457843841380438e+00
7.943282347242821118e+00
8.912509381337459402e+00
1.000000000000000000e+01
1.122018454301964141e+01
1.258925411794167459e+01
1.412537544622755448e+01
1.584893192461114175e+01
1.778279410038922848e+01
1.995262314968880801e+01
2.238721138568340052e+01
2.511886431509581996e+01
2.818382931264455138e+01
3.162277660168379256e+01
3.548133892335756912e+01
3.981071705534973404e+01
4.466835921509634488e+01
5.011872336272725192e+01
5.623413251903490817e+01
6.309573444801936404e+01
7.079457843841380793e+01
7.943282347242821118e+01
8.912509381337459047e+01
1.000000000000000000e+02
